0
1
2
4
5
8
9
11
13
15
16
17
20
22
26
30
35
36
37
39
42
43
46
49
50
51
55
57
58
61
63
65
67
69
70
71
73
76
77
82
83
84
85
90
91
92
93
94
102
103
104
105
106
107
108
109
111
112
113
114
117
118
120
121
124
125
126
128
131
133
140
141
142
144
145
146
147
149
151
152
153
157
158
161
164
165
170
173
175
180
182
184
185
186
189
191
195
197
198
202
205
211
212
215
219
223
224
226
227
230
231
236
237
238
239
241
242
246
247
251
258
259
261
263
266
267
272
273
274
275
277
278
284
286
288
290
291
292
300
301
302
307
308
310
312
314
316
318
324
327
329
330
331
333
338
340
341
342
344
347
349
350
353
354
357
359
360
361
363
364
365
367
370
371
374
375
376
379
382
383
385
386
387
388
389
392
394
395
399
400
401
402
403
406
408
410
412
413
419
420
421
424
426
428
430
432
434
436
441
446
448
455
456
458
459
460
461
464
466
469
470
473
476
478
479
480
484
487
489
491
492
499
500
501
504
505
509
512
513
521
522
526
528
529
536
537
538
544
545
547
549
551
554
556
557
559
562
565
567
568
569
571
573
574
577
581
582
584
585
587
588
591
593
595
597
600
601
603
604
607
610
612
615
616
619
621
622
623
624
627
631
633
634
635
636
638
639
640
645
648
650
651
652
654
655
657
659
660
667
668
671
673
674
676
678
680
684
687
689
690
691
693
695
696
697
702
703
704
705
706
707
708
709
711
712
713
717
718
726
727
728
733
734
735
737
740
747
752
754
755
762
763
764
768
770
771
773
775
786
788
789
791
792
796
800
801
804
807
811
813
814
816
817
818
819
823
824
826
829
830
832
833
835
838
843
844
846
847
848
850
852
856
857
858
859
860
861
862
864
865
866
867
874
875
877
879
880
882
885
886
891
892
895
899
901
902
904
906
907
910
911
912
914
915
916
917
924
929
932
935
936
937
941
947
948
949
951
957
960
961
962
963
964
968
969
970
975
980
982
984
986
989
990
991
992
993
994
995
998
1005
1007
1012
1013
1017
1021
1022
1025
1034
1040
1041
1042
1046
1047
1048
1051
1053
1054
1055
1057
1058
1063
1064
1065
1067
1068
1069
1070
1071
1072
1075
1076
1078
1079
1080
1081
1083
1084
1085
1089
1092
1094
1095
1096
1097
1098
1100
1101
1102
1104
1107
1108
1110
1116
1118
1121
1122
1128
1132
1134
1136
1137
1139
1141
1142
1143
1144
1145
1150
1153
1155
1156
1157
1158
1159
1160
1163
1165
1166
1167
1171
1176
1178
1179
1180
1181
1185
1186
1187
1188
1189
1190
1192
1194
1195
1197
1198
1200
1201
1210
1212
1213
1214
1215
1216
1220
1222
1223
1224
1226
1227
1228
1229
1230
1231
1232
1233
1234
1237
1238
1239
1240
1241
1245
1251
1253
1257
1263
1264
1266
1267
1269
1270
1272
1274
1275
1279
1281
1284
1287
1290
1293
1294
1295
1296
1297
1304
1305
1307
1310
1311
1315
1316
1318
1320
1322
1328
1330
1331
1332
1334
1337
1339
1340
1342
1345
1346
1347
1349
1353
1354
1356
1357
1359
1364
1371
1373
1382
1386
1387
1388
1389
1390
1391
1393
1394
1400
1405
1410
1412
1413
1415
1416
1419
1423
1424
1427
1429
1430
1439
1442
1443
1446
1447
1450
1451
1455
1458
1459
1463
1467
1468
1469
1472
1474
1475
1476
1478
1481
1483
1484
1485
1486
1487
1490
1491
1495
1496
1498
1500
1501
1502
1505
1506
1507
1508
1511
1514
1515
1516
1519
1520
1521
1522
1523
1524
1525
1527
1528
1529
1530
1532
1533
1534
1536
1537
1541
1543
1544
1546
1550
1553
1557
1558
1560
1561
1563
1564
1565
1566
1569
1570
1573
1574
1575
1581
1584
1585
1589
1590
1591
1592
1594
1595
1596
1598
1600
1601
1605
1606
1609
1612
1613
1618
1620
1621
1622
1623
1625
1627
1629
1631
1634
1639
1640
1643
1644
1646
1647
1648
1649
1650
1655
1657
1661
1662
1664
1665
1666
1667
1668
1670
1675
1676
1679
1680
1681
1685
1686
1688
1689
1690
1691
1693
1694
1695
1696
1699
1701
1702
1708
1711
1714
1715
1718
1719
1721
1722
1723
1724
1725
1727
1728
1730
1731
1733
1734
1736
1737
1738
1739
1740
1741
1742
1744
1745
1746
1747
1749
1751
1758
1759
1760
1762
1764
1765
1768
1770
1772
1775
1779
1782
1785
1787
1789
1793
1800
1802
1803
1805
1812
1813
1814
1815
1816
1819
1820
1825
1827
1829
1830
1831
1832
1834
1835
1839
1840
1842
1847
1848
1849
1856
1857
1858
1862
1863
1864
1865
1866
1869
1870
1872
1874
1875
1876
1877
1878
1883
1884
1885
1889
1890
1899
1901
1902
1904
1905
1910
1914
1916
1921
1924
1928
1930
1931
1934
1935
1937
1938
1939
1940
1942
1944
1948
1950
1951
1960
1963
1964
1965
1966
1970
1971
1973
1981
1982
1983
1986
1991
1993
1996
1997
1998
2000
2002
2004
2005
2009
2018
2020
2021
2025
2027
2028
2031
2034
2036
2037
2039
2040
2041
2042
2043
2044
2046
2047
2048
2051
2052
2053
2059
2064
2065
2066
2071
2072
2073
2074
2075
2076
2080
2084
2089
2091
2092
2094
2097
2098
2101
2102
2103
2104
2105
2106
2107
2108
2110
2113
2115
2116
2117
2119
2120
2123
2126
2128
2135
2136
2138
2140
2141
2142
2145
2150
2152
2155
2159
2160
2161
2162
2164
2165
2166
2169
2170
2171
2174
2175
2176
2179
2182
2184
2187
2189
2192
2193
2201
2203
2205
2207
2209
2211
2212
2213
2216
2218
2219
2223
2224
2227
2230
2231
2233
2234
2238
2239
2240
2242
2244
2245
2251
2252
2254
2258
2260
2261
2262
2263
2266
2267
2272
2273
2276
2278
2284
2285
2287
2288
2289
2290
2292
2293
2294
2298
2301
2303
2305
2306
2309
2312
2313
2315
2319
2320
2322
2324
2325
2329
2332
2333
2336
2337
2341
2344
2348
2349
2354
2356
2357
2358
2359
2361
2365
2367
2370
2376
2379
2382
2384
2385
2386
2389
2391
2392
2393
2399
2400
2405
2406
2412
2413
2415
2416
2419
2420
2425
2426
2427
2428
2429
2432
2434
2435
2438
2439
2445
2446
2450
2451
2452
2453
2455
2460
2461
2462
2465
2469
2470
2472
2476
2477
2478
2480
2483
2485
2486
2488
2489
2491
2493
2494
2495
2496
2500
2501
2502
2505
2507
2512
2515
2518
2521
2525
2527
2528
2529
2531
2533
2534
2537
2539
2541
2543
2546
2548
2551
2552
2553
2555
2558
2560
2563
2564
2565
2566
2567
2570
2571
2573
2574
2575
2576
2577
2578
2579
2580
2584
2587
2589
2595
2597
2598
2599
2600
2601
2603
2606
2608
2611
2616
2617
2618
2620
2621
2622
2624
2627
2628
2630
2632
2633
2634
2635
2636
2640
2644
2645
2648
2649
2650
2653
2655
2657
2659
2660
2662
2663
2665
2667
2668
2669
2671
2672
2673
2674
2675
2680
2682
2684
2685
2686
2691
2700
2703
2705
2706
2707
2709
2712
2713
2714
2715
2718
2719
2720
2723
2724
2728
2730
2731
2734
2737
2738
2741
2744
2748
2749
2751
2754
2757
2762
2763
2764
2765
2766
2767
2768
2769
2770
2773
2774
2775
2777
2780
2782
2785
2788
2790
2793
2794
2798
2799
2800
2803
2804
2805
2809
2813
2814
2817
2819
2822
2823
2826
2827
2828
2831
2834
2841
2842
2843
2844
2847
2848
2849
2852
2854
2859
2863
2866
2869
2870
2872
2873
2875
2876
2878
2879
2880
2881
2882
2884
2885
2886
2887
2888
2891
2893
2895
2902
2903
2905
2908
2909
2910
2912
2913
2918
2919
2923
2924
2925
2927
2930
2934
2935
2936
2938
2939
2940
2941
2942
2943
2944
2947
2949
2950
2954
2955
2956
2957
2958
2960
2961
2964
2965
2966
2971
2973
2974
2976
2978
2979
2980
2986
2988
2991
2993
2994
2997
2999
3000
3001
3003
3005
3009
3010
3011
3012
3013
3015
3017
3020
3021
3023
3024
3025
3026
3027
3028
3030
3032
3033
3035
3037
3038
3040
3042
3043
3048
3049
3052
3054
3058
3059
3060
3063
3064
3066
3067
3068
3072
3073
3074
3076
3077
3078
3082
3083
3086
3087
3089
3092
3093
3094
3095
3097
3098
3101
3104
3105
3106
3110
3111
3114
3116
3117
3118
3119
3121
3123
3124
3128
3131
3133
3136
3137
3139
3140
3145
3147
3148
3151
3157
3159
3162
3164
3167
3173
3174
3176
3178
3181
3184
3185
3191
3192
3196
3197
3199
3202
3203
3206
3208
3209
3211
3213
3216
3217
3218
3219
3222
3224
3226
3228
3232
3236
3239
3240
3241
3243
3244
3245
3246
3247
3249
3250
3251
3252
3253
3254
3256
3258
3261
3262
3266
3267
3268
3270
3271
3273
3277
3280
3282
3283
3286
3287
3288
3290
3294
3295
3296
3297
3298
3300
3302
3303
3306
3307
3308
3309
3311
3314
3315
3316
3317
3318
3319
3320
3322
3323
3324
3325
3326
3327
3329
3335
3337
3338
3339
3343
3344
3346
3347
3348
3349
3352
3353
3355
3356
3359
3360
3361
3373
3374
3375
3376
3377
3378
3379
3380
3382
3384
3386
3387
3390
3391
3392
3393
3397
3400
3402
3403
3404
3406
3408
3409
3410
3411
3412
3413
3414
3415
3419
3421
3422
3424
3426
3429
3431
3435
3436
3437
3438
3439
3442
3445
3446
3447
3450
3451
3454
3455
3458
3461
3463
3464
3465
3466
3467
3469
3471
3477
3478
3479
3489
3492
3496
3498
3501
3502
3503
3504
3505
3508
3509
3510
3511
3512
3513
3514
3517
3519
3524
3526
3527
3531
3532
3533
3535
3539
3540
3543
3546
3548
3550
3557
3560
3561
3563
3565
3570
3571
3572
3576
3577
3579
3580
3581
3582
3583
3585
3586
3587
3590
3594
3595
3598
3601
3603
3604
3605
3608
3613
3614
3615
3617
3618
3619
3620
3621
3624
3630
3632
3635
3638
3643
3644
3645
3646
3647
3649
3650
3651
3653
3654
3659
3663
3665
3669
3670
3671
3672
3676
3677
3680
3682
3683
3685
3686
3687
3688
3689
3691
3695
3697
3700
3703
3704
3705
3706
3708
3709
3710
3712
3713
3714
3715
3719
3724
3725
3728
3729
3730
3732
3733
3736
3737
3741
3742
3746
3748
3749
3750
3751
3753
3755
3756
3757
3760
3763
3768
3769
3774
3776
3780
3781
3783
3784
3785
3786
3788
3790
3794
3797
3800
3801
3805
3808
3809
3812
3813
3816
3818
3819
3821
3824
3825
3826
3830
3831
3832
3834
3835
3837
3842
3843
3847
3849
3852
3856
3860
3861
3862
3863
3864
3865
3866
3867
3868
3870
3871
3877
3878
3879
3880
3881
3887
3889
3892
3893
3894
3896
3897
3899
3900
3905
3910
3913
3916
3918
3920
3922
3925
3926
3929
3930
3932
3933
3936
3937
3938
3939
3940
3941
3942
3944
3945
3946
3948
3956
3958
3960
3961
3962
3963
3964
3965
3967
3969
3972
3975
3978
3979
3980
3981
3982
3987
3988
3991
3992
3993
3995
3996
3997
4001
4004
4009
4010
4011
4012
4014
4015
4020
4022
4026
4030
4031
4032
4033
4034
4035
4036
4038
4039
4043
4048
4050
4052
4055
4057
4059
4060
4063
4069
4071
4072
4073
4081
4082
4083
4084
4086
4092
4094
4099
4100
4101
4102
4103
4105
4106
4111
4112
4113
4114
4116
4121
4123
4124
4125
4126
4128
4131
4133
4136
4138
4142
4143
4146
4147
4149
4152
4156
4157
4158
4159
4161
4163
4164
4173
4174
4175
4177
4179
4181
4184
4188
4193
4198
4199
4200
4201
4203
4207
4208
4209
4215
4220
4221
4225
4228
4229
4231
4232
4233
4234
4235
4236
4240
4244
4246
4249
4250
4251
4254
4257
4259
4260
4261
4262
4264
4265
4266
4267
4269
4271
4272
4273
4275
4278
4279
4280
4282
4283
4284
4285
4286
4287
4289
4293
4298
4301
4306
4307
4308
4309
4310
4311
4314
4316
4317
4319
4321
4322
4323
4327
4328
4331
4333
4334
4335
4336
4337
4338
4343
4345
4351
4352
4356
4357
4360
4363
4364
4366
4369
4371
4373
4375
4377
4378
4380
4382
4384
4386
4388
4389
4390
4391
4393
4395
4397
4400
4403
4406
4414
4416
4417
4420
4423
4425
4426
4432
4439
4441
4442
4443
4444
4445
4447
4448
4449
4455
4456
4457
4458
4459
4461
4462
4463
4465
4467
4468
4470
4471
4472
4475
4476
4477
4479
4481
4482
4484
4485
4488
4491
4492
4496
4497
4498
4500
4501
4503
4507
4510
4515
4520
4522
4526
4528
4529
4534
4535
4536
4538
4542
4544
4546
4548
4550
4553
4554
4555
4556
4557
4558
4559
4560
4561
4562
4563
4564
4565
4567
4572
4573
4575
4580
4581
4585
4586
4587
4590
4591
4592
4594
4595
4597
4598
4599
4600
4601
4604
4605
4607
4608
4609
4611
4614
4619
4621
4625
4626
4628
4629
4632
4635
4637
4638
4645
4647
4648
4650
4651
4655
4657
4660
4661
4662
4664
4666
4667
4668
4669
4671
4672
4674
4676
4677
4678
4681
4682
4684
4688
4690
4693
4696
4697
4698
4699
4700
4702
4703
4705
4708
4709
4712
4714
4717
4718
4719
4721
4722
4726
4730
4731
4733
4736
4737
4738
4741
4746
4749
4751
4752
4754
4755
4756
4758
4759
4760
4761
4762
4766
4768
4770
4772
4773
4775
4779
4780
4781
4782
4786
4789
4793
4799
4803
4804
4806
4807
4808
4809
4813
4814
4816
4817
4823
4826
4827
4830
4832
4835
4836
4837
4841
4843
4845
4846
4852
4855
4861
4862
4863
4868
4871
4872
4873
4874
4875
4878
4879
4880
4881
4884
4886
4887
4889
4891
4892
4894
4896
4898
4899
4901
4903
4904
4906
4908
4911
4917
4918
4922
4923
4924
4925
4928
4932
4933
4934
4937
4938
4939
4940
4944
4945
4946
4947
4948
4949
4950
4954
4957
4958
4959
4961
4964
4965
4966
4968
4970
4971
4972
4975
4980
4981
4983
4984
4985
4988
4991
4992
4993
4994
4995
5000
5003
5005
5006
5008
5009
5011
5012
5014
5015
5016
5017
5022
5023
5024
5025
5026
5028
5029
5031
5032
5034
5036
5037
5038
5040
5042
5044
5046
5048
5051
5055
5057
5060
5061
5064
5067
5068
5070
5071
5073
5074
5076
5079
5082
5086
5089
5094
5095
5096
5097
5098
5101
5102
5104
5105
5106
5107
5109
5111
5116
5122
5124
5127
5131
5134
5135
5136
5137
5138
5139
5140
5141
5143
5145
5146
5150
5151
5152
5153
5154
5155
5158
5159
5160
5163
5164
5165
5169
5170
5171
5173
5176
5177
5187
5189
5193
5194
5197
5199
5200
5201
5206
5210
5211
5213
5222
5224
5225
5227
5228
5229
5232
5234
5235
5236
5238
5239
5241
5245
5248
5249
5250
5252
5253
5255
5257
5258
5259
5260
5263
5264
5267
5271
5273
5274
5276
5278
5279
5282
5283
5285
5287
5289
5291
5292
5294
5299
5304
5305
5306
5307
5308
5309
5313
5315
5317
5318
5319
5320
5323
5324
5325
5326
5330
5331
5332
5333
5334
5336
5337
5338
5341
5342
5344
5348
5350
5352
5356
5357
5359
5360
5362
5364
5366
5367
5368
5369
5372
5374
5375
5376
5379
5380
5381
5382
5384
5388
5389
5390
5391
5396
5397
5398
5399
5400
5402
5403
5404
5407
5409
5411
5412
5414
5415
5419
5422
5423
5433
5436
5437
5438
5440
5444
5446
5447
5448
5449
5451
5452
5454
5456
5457
5458
5460
5461
5463
5464
5468
5469
5470
5474
5475
5476
5485
5487
5488
5489
5493
5498
5499
5504
5506
5510
5514
5515
5517
5518
5523
5524
5527
5528
5529
5533
5534
5536
5540
5543
5545
5546
5548
5549
5552
5555
5568
5570
5571
5574
5580
5583
5585
5586
5588
5589
5590
5591
5595
5599
5607
5616
5621
5623
5624
5625
5626
5629
5630
5632
5633
5635
5636
5637
5640
5641
5643
5644
5645
5650
5654
5656
5657
5658
5661
5662
5663
5664
5668
5670
5676
5678
5679
5681
5684
5685
5689
5693
5697
5699
5702
5704
5705
5707
5708
5710
5712
5716
5717
5719
5720
5721
5723
5727
5731
5732
5735
5736
5742
5745
5746
5747
5748
5750
5755
5756
5758
5759
5762
5763
5764
5766
5767
5770
5771
5772
5773
5776
5780
5782
5784
5785
5786
5792
5793
5802
5803
5805
5807
5809
5818
5819
5821
5824
5825
5829
5830
5831
5835
5837
5839
5840
5845
5846
5847
5848
5851
5853
5856
5857
5859
5860
5864
5865
5866
5868
5870
5871
5872
5873
5877
5879
5880
5882
5889
5893
5894
5895
5896
5900
5901
5905
5910
5915
5920
5923
5925
5927
5928
5929
5930
5934
5935
5936
5937
5938
5945
5946
5949
5951
5954
5956
5957
5962
5964
5965
5966
5967
5968
5970
5975
5977
5978
5979
5981
5982
5983
5985
5986
5987
5990
5991
5997
5999
6000
6001
6002
6006
6008
6010
6014
6019
6020
6021
6022
6023
6024
6026
6027
6029
6030
6033
6034
6036
6037
6039
6040
6043
6046
6047
6048
6050
6053
6055
6057
6060
6061
6062
6064
6066
6068
6069
6070
6074
6077
6080
6081
6082
6083
6084
6085
6086
6087
6091
6092
6093
6094
6095
6096
6097
6100
6102
6105
6106
6107
6109
6113
6117
6119
6120
6121
6122
6123
6126
6127
6129
6130
6131
6134
6137
6138
6143
6144
6147
6149
6151
6155
6157
6158
6159
6163
6168
6172
6173
6175
6176
6178
6180
6182
6183
6184
6188
6189
6190
6192
6193
6194
6195
6196
6198
6199
6200
6203
6204
6206
6207
6209
6210
6211
6213
6215
6217
6220
6221
6223
6224
6225
6226
6227
6229
6230
6232
6233
6235
6237
6239
6240
6245
6246
6247
6253
6254
6255
6257
6259
6260
6261
6262
6263
6264
6265
6266
6267
6268
6270
6272
6273
6274
6275
6276
6278
6282
6283
6285
6286
6292
6297
6299
6302
6305
6307
6309
6310
6313
6315
6317
6318
6319
6320
6323
6324
6326
6327
6328
6333
6339
6341
6343
6348
6349
6352
6353
6354
6356
6358
6359
6363
6364
6365
6367
6369
6372
6374
6377
6378
6380
6381
6382
6383
6385
6386
6387
6388
6390
6392
6396
6397
6399
6401
6404
6405
6406
6408
6409
6411
6413
6415
6416
6418
6422
6423
6424
6429
6430
6431
6432
6436
6441
6442
6444
6450
6451
6452
6453
6455
6459
6464
6466
6470
6472
6473
6480
6481
6482
6484
6485
6486
6488
6490
6491
6492
6494
6499
6500
6503
6504
6505
6506
6508
6509
6511
6513
6514
6515
6517
6520
6522
6523
6526
6528
6529
6531
6534
6537
6539
6540
6541
6543
6546
6547
6548
6549
6550
6553
6554
6556
6558
6563
6564
6565
6567
6568
6570
6571
6572
6573
6575
6577
6578
6580
6581
6582
6586
6591
6594
6596
6597
6599
6603
6606
6607
6609
6610
6612
6616
6617
6618
6622
6623
6626
6628
6634
6637
6638
6639
6642
6644
6649
6652
6656
6658
6662
6667
6673
6677
6682
6684
6688
6689
6691
6693
6696
6699
6703
6704
6706
6709
6711
6713
6714
6717
6719
6723
6726
6727
6729
6730
6731
6732
6733
6736
6738
6740
6745
6747
6750
6752
6756
6759
6764
6766
6770
6774
6776
6779
6780
6787
6788
6789
6790
6794
6795
6796
6797
6800
6802
6803
6804
6805
6806
6809
6810
6814
6817
6822
6824
6826
6827
6830
6834
6835
6839
6840
6843
6845
6847
6848
6849
6852
6855
6856
6857
6859
6861
6862
6863
6864
6866
6867
6869
6870
6871
6875
6877
6880
6883
6884
6885
6890
6891
6892
6893
6894
6895
6896
6898
6900
6903
6905
6909
6911
6912
6914
6918
6919
6921
6922
6923
6924
6928
6931
6932
6933
6934
6939
6942
6943
6949
6950
6952
6956
6957
6958
6960
6962
6963
6965
6966
6970
6973
6975
6977
6978
6979
6981
6983
6994
6995
6997
6999
7000
7001
7002
7005
7006
7008
7011
7012
7014
7015
7017
7018
7023
7025
7030
7032
7033
7034
7036
7038
7041
7043
7044
7045
7047
7049
7050
7052
7054
7057
7063
7064
7071
7072
7074
7077
7080
7081
7082
7083
7086
7087
7088
7090
7091
7094
7096
7097
7098
7099
7101
7105
7107
7109
7110
7112
7113
7114
7118
7119
7120
7122
7133
7135
7137
7138
7140
7142
7144
7149
7150
7151
7152
7154
7155
7156
7157
7158
7159
7160
7164
7169
7171
7173
7174
7178
7182
7186
7188
7189
7190
7196
7202
7203
7206
7209
7212
7214
7220
7221
7222
7223
7224
7225
7228
7229
7231
7234
7238
7241
7242
7244
7245
7247
7249
7250
7255
7256
7257
7258
7261
7262
7263
7264
7266
7273
7274
7278
7279
7280
7281
7283
7284
7286
7288
7289
7293
7294
7297
7298
7299
7301
7303
7306
7307
7308
7310
7311
7312
7313
7315
7318
7322
7323
7326
7329
7330
7332
7334
7336
7337
7338
7343
7344
7346
7349
7351
7353
7355
7356
7357
7358
7362
7363
7366
7367
7369
7370
7371
7374
7376
7378
7379
7381
7383
7384
7391
7392
7395
7399
7401
7403
7406
7407
7409
7411
7412
7416
7419
7424
7425
7427
7431
7432
7435
7437
7438
7439
7447
7448
7449
7450
7451
7452
7457
7458
7459
7460
7461
7462
7463
7468
7469
7470
7471
7472
7474
7475
7476
7479
7480
7482
7488
7492
7494
7495
7501
7502
7503
7504
7505
7507
7510
7512
7515
7516
7517
7518
7520
7524
7526
7528
7529
7532
7537
7539
7542
7543
7544
7547
7551
7554
7556
7559
7560
7562
7564
7566
7568
7571
7577
7579
7582
7584
7585
7590
7591
7593
7598
7601
7602
7604
7605
7606
7608
7610
7612
7615
7616
7617
7618
7619
7620
7622
7624
7630
7631
7632
7633
7636
7637
7639
7640
7641
7643
7645
7646
7647
7648
7649
7654
7655
7658
7660
7662
7663
7665
7666
7669
7671
7673
7678
7679
7680
7683
7684
7688
7690
7691
7692
7698
7700
7701
7702
7703
7704
7705
7706
7709
7710
7711
7712
7716
7719
7722
7723
7724
7726
7727
7728
7729
7733
7734
7735
7736
7738
7739
7740
7743
7745
7746
7747
7749
7750
7751
7752
7753
7754
7755
7761
7763
7764
7769
7770
7771
7772
7774
7775
7777
7778
7781
7784
7788
7790
7791
7794
7796
7797
7798
7802
7803
7805
7806
7813
7816
7817
7819
7820
7822
7824
7825
7828
7829
7832
7833
7843
7844
7846
7849
7850
7852
7853
7858
7861
7864
7866
7867
7868
7870
7872
7873
7875
7877
7882
7884
7888
7889
7890
7891
7892
7894
7896
7897
7900
7902
7908
7910
7913
7914
7915
7916
7918
7926
7927
7929
7930
7938
7940
7942
7948
7950
7952
7954
7955
7961
7962
7963
7964
7967
7971
7972
7975
7979
7981
7982
7984
7985
7987
7988
7990
7992
7994
8002
8005
8007
8016
8017
8019
8020
8021
8023
8025
8027
8031
8033
8037
8038
8040
8043
8045
8047
8048
8054
8055
8061
8063
8064
8065
8075
8077
8080
8081
8084
8085
8089
8094
8100
8101
8102
8111
8112
8113
8117
8118
8119
8120
8122
8125
8127
8128
8129
8130
8132
8139
8140
8143
8144
8145
8148
8149
8150
8154
8156
8163
8165
8166
8169
8172
8176
8177
8179
8181
8182
8184
8185
8186
8187
8188
8189
8192
8193
8194
8195
8196
8197
8199
8201
8202
8203
8208
8210
8211
8214
8219
8224
8229
8231
8232
8238
8240
8246
8249
8251
8254
8256
8261
8262
8269
8271
8273
8274
8277
8280
8281
8282
8284
8286
8287
8291
8293
8295
8296
8297
8299
8300
8305
8308
8311
8312
8313
8318
8319
8320
8325
8328
8334
8336
8339
8340
8342
8344
8347
8350
8352
8354
8355
8357
8358
8361
8363
8366
8368
8369
8372
8373
8374
8375
8376
8377
8381
8385
8386
8392
8396
8397
8400
8401
8402
8404
8409
8412
8414
8415
8416
8419
8422
8423
8424
8426
8429
8435
8436
8437
8442
8445
8447
8448
8450
8453
8455
8457
8458
8460
8461
8463
8464
8468
8473
8479
8484
8485
8486
8491
8492
8494
8502
8504
8507
8508
8510
8513
8515
8517
8518
8522
8523
8524
8527
8529
8534
8536
8538
8541
8543
8546
8547
8549
8550
8558
8559
8562
8563
8564
8566
8568
8570
8571
8573
8574
8576
8578
8582
8584
8585
8588
8592
8595
8598
8599
8600
8601
8603
8604
8608
8613
8614
8615
8616
8618
8619
8620
8621
8622
8623
8624
8625
8626
8627
8630
8631
8632
8633
8634
8635
8636
8637
8641
8642
8644
8645
8648
8651
8652
8653
8654
8657
8658
8660
8661
8663
8664
8667
8668
8669
8673
8676
8678
8679
8680
8681
8682
8688
8693
8694
8695
8696
8700
8701
8702
8703
8705
8710
8711
8716
8717
8720
8724
8725
8726
8727
8731
8733
8736
8737
8739
8740
8744
8746
8747
8749
8750
8752
8754
8755
8756
8758
8759
8761
8762
8767
8769
8770
8771
8775
8778
8779
8784
8787
8789
8791
8792
8794
8797
8798
8799
8802
8807
8808
8810
8811
8813
8814
8815
8819
8821
8823
8824
8826
8828
8830
8835
8836
8838
8841
8842
8843
8845
8846
8849
8850
8853
8857
8859
8860
8862
8864
8866
8867
8868
8869
8871
8872
8875
8878
8880
8882
8883
8884
8887
8888
8892
8896
8897
8898
8900
8901
8903
8904
8906
8908
8909
8910
8913
8916
8918
8920
8921
8925
8926
8930
8932
8933
8934
8936
8937
8941
8943
8945
8948
8951
8952
8954
8955
8957
8960
8961
8963
8964
8965
8967
8968
8973
8974
8976
8978
8980
8981
8982
8987
8989
8994
8996
9003
9008
9010
9016
9017
9018
9020
9021
9022
9025
9028
9030
9032
9033
9034
9036
9037
9040
9042
9048
9051
9054
9055
9057
9059
9062
9063
9065
9066
9067
9069
9070
9071
9072
9076
9078
9083
9085
9090
9093
9096
9098
9099
9100
9105
9107
9110
9111
9112
9114
9115
9116
9119
9121
9122
9123
9124
9125
9126
9127
9129
9135
9136
9139
9141
9143
9146
9152
9153
9158
9163
9166
9167
9169
9171
9172
9175
9179
9184
9186
9188
9190
9191
9192
9193
9199
9200
9201
9203
9204
9206
9211
9213
9215
9216
9217
9218
9219
9222
9223
9230
9231
9232
9234
9238
9243
9246
9247
9248
9249
9251
9255
9256
9262
9264
9266
9267
9268
9269
9270
9271
9272
9273
9275
9280
9281
9282
9285
9286
9287
9288
9290
9291
9292
9294
9296
9297
9298
9299
9302
9304
9305
9309
9310
9311
9313
9317
9320
9322
9324
9325
9328
9329
9333
9335
9336
9337
9338
9339
9340
9341
9347
9349
9350
9352
9358
9359
9362
9370
9373
9377
9381
9383
9384
9387
9388
9390
9391
9392
9394
9396
9397
9398
9403
9404
9405
9406
9408
9409
9412
9417
9420
9421
9424
9426
9427
9429
9430
9431
9434
9436
9438
9439
9441
9442
9450
9451
9455
9456
9457
9458
9461
9462
9467
9468
9469
9470
9473
9474
9476
9477
9482
9483
9484
9485
9486
9487
9489
9490
9491
9493
9494
9501
9503
9516
9522
9523
9524
9530
9531
9534
9535
9536
9538
9539
9542
9548
9549
9552
9553
9554
9555
9561
9563
9564
9566
9569
9572
9574
9576
9578
9579
9580
9582
9584
9585
9586
9587
9590
9591
9594
9595
9598
9599
9604
9608
9610
9612
9615
9617
9619
9620
9621
9623
9624
9625
9626
9627
9630
9633
9635
9636
9641
9643
9648
9650
9652
9654
9655
9657
9659
9660
9661
9663
9666
9668
9669
9671
9673
9674
9676
9677
9678
9679
9682
9684
9685
9688
9692
9696
9697
9702
9704
9705
9708
9710
9713
9715
9716
9717
9718
9720
9721
9723
9724
9725
9726
9727
9729
9730
9731
9732
9733
9738
9739
9740
9742
9743
9744
9745
9747
9748
9749
9753
9754
9756
9758
9763
9764
9766
9771
9772
9777
9779
9780
9781
9784
9785
9787
9788
9794
9797
9802
9806
9807
9809
9810
9811
9812
9815
9819
9820
9821
9823
9824
9825
9828
9833
9836
9837
9838
9839
9844
9846
9847
9848
9849
9850
9853
9854
9855
9858
9861
9862
9863
9864
9865
9867
9868
9873
9874
9876
9878
9882
9885
9887
9888
9889
9890
9892
9894
9895
9896
9897
9902
9903
9906
9909
9910
9915
9916
9917
9918
9920
9922
9923
9925
9926
9927
9929
9932
9933
9937
9939
9940
9942
9943
9944
9947
9948
9949
9952
9956
9957
9958
9961
9963
9964
9965
9966
9967
9968
9973
9974
9976
9978
9979
9980
9981
9983
9985
9986
9987
9988
9990
9993
9994
9995
9997
9998
10000
10003
10004
10006
10007
10011
10017
10018
10020
10021
10024
10025
10026
10027
10028
10033
10034
10036
10039
10040
10043
10050
10053
10054
10060
10062
10063
10064
10065
10067
10068
10070
10073
10074
10080
10081
10082
10083
10084
10085
10087
10089
10090
10091
10092
10095
10100
10101
10102
10104
10105
10106
10107
10108
10110
10113
10114
10118
10119
10123
10124
10125
10127
10129
10130
10134
10135
10137
10138
10139
10142
10144
10147
10150
10151
10154
10155
10156
10157
10162
10163
10165
10169
10171
10173
10176
10177
10178
10179
10180
10185
10189
10190
10192
10196
10197
10199
10202
10203
10205
10207
10208
10209
10210
10214
10215
10216
10219
10220
10222
10223
10224
10225
10226
10228
10229
10231
10235
10237
10238
10239
10241
10243
10244
10246
10247
10248
10249
10254
10255
10256
10259
10261
10262
10263
10264
10266
10268
10270
10271
10273
10276
10277
10280
10282
10283
10284
10286
10287
10288
10289
10290
10294
10296
10298
10299
10300
10304
10307
10308
10309
10312
10313
10314
10315
10316
10317
10318
10320
10321
10322
10323
10324
10327
10330
10331
10332
10337
10341
10345
10348
10349
10350
10352
10353
10354
10355
10356
10359
10361
10364
10365
10370
10373
10374
10375
10376
10377
10378
10381
10383
10384
10385
10386
10392
10393
10394
10396
10397
10398
10403
10404
10407
10408
10410
10411
10414
10415
10417
10418
10419
10420
10422
10431
10432
10433
10434
10435
10438
10440
10441
10447
10449
10450
10451
10456
10458
10459
10462
10463
10464
10465
10466
10469
10470
10472
10477
10478
10479
10483
10485
10486
10487
10495
10499
10500
10505
10506
10507
10509
10510
10513
10515
10519
10523
10525
10526
10531
10533
10537
10541
10543
10546
10547
10548
10549
10551
10553
10557
10559
10566
10569
10570
10571
10575
10576
10577
10579
10580
10581
10584
10585
10586
10587
10590
10593
10595
10596
10597
10600
10602
10603
10606
10607
10609
10613
10614
10616
10619
10620
10621
10623
10624
10627
10629
10634
10636
10641
10645
10648
10652
10655
10658
10660
10663
10664
10666
10667
10668
10670
10671
10672
10673
10674
10677
10678
10681
10684
10687
10690
10700
10702
10704
10705
10708
10710
10711
10712
10713
10714
10716
10717
10722
10723
10724
10725
10726
10727
10729
10730
10731
10732
10734
10736
10738
10739
10741
10743
10744
10758
10759
10764
10767
10771
10772
10773
10775
10777
10778
10780
10784
10786
10788
10800
10801
10802
10803
10804
10811
10812
10813
10815
10817
10818
10820
10821
10825
10827
10830
10832
10834
10835
10836
10837
10838
10839
10843
10844
10845
10846
10848
10849
10854
10856
10857
10858
10860
10861
10862
10865
10868
10873
10876
10882
10886
10887
10889
10890
10891
10892
10895
10899
10901
10902
10904
10906
10908
10909
10912
10913
10916
10918
10922
10924
10925
10926
10927
10928
10929
10930
10934
10937
10938
10939
10941
10942
10943
10944
10946
10948
10950
10957
10958
10959
10960
10961
10966
10971
10975
10978
10982
10984
10987
10990
10992
11002
11006
11010
11012
11016
11020
11021
11022
11023
11027
11029
11030
11033
11034
11035
11036
11038
11039
11043
11044
11045
11046
11047
11048
11053
11054
11055
11056
11060
11061
11068
11070
11073
11074
11076
11080
11082
11085
11092
11093
11099
11100
11103
11105
11107
11108
11110
11111
11113
11115
11119
11120
11124
11125
11126
11127
11128
11129
11130
11132
11134
11135
11136
11137
11139
11140
11147
11148
11149
11151
11152
11157
11158
11159
11160
11161
11164
11165
11170
11171
11173
11174
11175
11176
11178
11181
11184
11185
11188
11191
11192
11193
11194
11195
11196
11197
11198
11199
11200
11202
11203
11204
11206
11207
11208
11210
11211
11212
11215
11218
11219
11223
11226
11232
11234
11235
11236
11237
11239
11246
11249
11250
11251
11254
11256
11257
11259
11260
11261
11264
11267
11269
11271
11273
11274
11276
11278
11280
11283
11291
11292
11294
11295
11297
11299
11300
11302
11304
11307
11309
11312
11314
11315
11318
11322
11323
11327
11328
11329
11330
11332
11335
11339
11340
11347
11351
11353
11355
11356
11357
11359
11360
11361
11362
11366
11368
11370
11371
11372
11373
11377
11379
11380
11383
11384
11386
11388
11396
11397
11398
11399
11405
11406
11407
11408
11415
11416
11418
11419
11420
11422
11425
11429
11430
11437
11440
11441
11443
11445
11446
11450
11451
11453
11458
11459
11460
11461
11462
11463
11466
11469
11473
11480
11484
11485
11486
11490
11495
11496
11500
11501
11503
11510
11511
11513
11515
11516
11518
11519
11521
11522
11523
11526
11528
11529
11531
11532
11533
11534
11538
11540
11543
11544
11546
11549
11551
11553
11554
11555
11556
11557
11565
11566
11568
11570
11571
11572
11577
11579
11580
11583
11584
11585
11587
11589
11591
11592
11595
11598
11599
11602
11603
11604
11605
11609
11610
11612
11614
11618
11620
11622
11624
11626
11628
11630
11632
11636
11637
11639
11644
11645
11646
11648
11649
11650
11651
11654
11660
11662
11663
11666
11667
11670
11671
11673
11675
11681
11683
11686
11687
11690
11693
11698
11699
11700
11701
11703
11706
11708
11709
11710
11712
11715
11717
11718
11719
11722
11723
11725
11727
11729
11730
11733
11734
11735
11736
11737
11738
11740
11743
11744
11745
11746
11749
11751
11752
11754
11755
11756
11757
11764
11765
11766
11767
11768
11769
11774
11777
11779
11783
11784
11785
11786
11789
11791
11792
11793
11796
11797
11798
11799
11804
11806
11807
11808
11811
11815
11816
11820
11821
11827
11828
11829
11831
11833
11835
11836
11838
11842
11843
11846
11847
11848
11851
11854
11856
11857
11858
11859
11861
11865
11867
11869
11879
11880
11883
11884
11886
11889
11891
11894
11895
11896
11897
11900
11902
11903
11908
11909
11910
11912
11915
11917
11918
11919
11921
11925
11927
11928
11931
11932
11934
11935
11937
11941
11942
11943
11944
11945
11947
11948
11956
11958
11962
11963
11965
11966
11970
11971
11972
11973
11974
11980
11981
11982
11986
11987
11993
11997
11998
11999
12001
12003
12004
12006
12007
12008
12010
12011
12013
12014
12016
12018
12022
12023
12025
12027
12028
12030
12031
12032
12034
12036
12040
12041
12042
12043
12044
12048
12049
12050
12051
12054
12055
12058
12059
12060
12061
12063
12064
12073
12074
12076
12077
12079
12081
12083
12084
12085
12086
12087
12089
12090
12092
12093
12096
12098
12100
12101
12105
12107
12108
12110
12111
12112
12113
12114
12116
12119
12121
12122
12130
12132
12133
12135
12136
12138
12141
12142
12144
12146
12147
12148
12149
12156
12157
12161
12162
12163
12165
12166
12167
12168
12169
12170
12171
12178
12180
12183
12184
12188
12191
12195
12201
12202
12203
12205
12206
12208
12209
12212
12213
12215
12219
12220
12227
12228
12229
12230
12231
12232
12233
12234
12235
12237
12239
12241
12243
12247
12249
12251
12252
12255
12256
12257
12260
12265
12269
12270
12273
12274
12275
12277
12280
12284
12285
12286
12288
12291
12292
12294
12298
12299
12307
12309
12313
12316
12317
12318
12321
12323
12324
12328
12333
12334
12343
12345
12346
12347
12348
12352
12354
12355
12356
12358
12360
12361
12364
12365
12368
12369
12372
12373
12377
12379
12383
12385
12389
12390
12398
12402
12404
12405
12407
12409
12410
12413
12415
12417
12419
12421
12422
12423
12427
12429
12431
12435
12437
12438
12446
12448
12451
12455
12456
12458
12461
12463
12465
12466
12467
12471
12472
12474
12475
12478
12479
12482
12484
12485
12486
12489
12492
12493
12495
12497
12500
12504
12505
12511
12514
12516
12518
12525
12526
12527
12529
12530
12532
12534
12538
12539
12540
12542
12546
12547
12550
12552
12553
12554
12556
12559
12561
12563
12564
12565
12566
12567
12568
12570
12572
12573
12578
12580
12582
12583
12584
12585
12587
12588
12589
12593
12594
12595
12596
12597
12599
12603
12605
12607
12608
12610
12614
12616
12617
12618
12622
12626
12628
12630
12631
12632
12635
12638
12639
12640
12641
12642
12644
12647
12649
12650
12651
12653
12658
12659
12660
12662
12663
12665
12666
12670
12671
12673
12674
12676
12680
12683
12684
12686
12688
12691
12693
12694
12695
12696
12697
12700
12704
12709
12711
12713
12715
12717
12718
12722
12726
12728
12732
12734
12737
12743
12745
12747
12748
12749
12751
12752
12753
12756
12758
12759
12760
12761
12762
12766
12767
12770
12771
12772
12773
12774
12775
12776
12778
12779
12782
12783
12784
12785
12786
12787
12790
12794
12802
12806
12807
12808
12811
12814
12818
12819
12824
12827
12829
12830
12832
12833
12834
12835
12837
12839
12840
12842
12844
12849
12850
12858
12859
12860
12861
12862
12865
12866
12868